Contribution: 2025-12-10T21:04:21.420422 - 7441
Contribution: 2025-12-10T21:26:21.420422 - 2167
Contribution: 2025-12-10T21:51:21.420422 - 9242
